A,B,C,D,id
0.99807259,0.00109782,0.000552018,0.000277572,1
0.001922361,0.995807504,0.001241169,0.001028966,2
0.088314241,0.01534671,0.891942143,0.004396906,3
0.021080111,0.954158767,0.01747603,0.007285093,4
0.01485772,0.003529018,0.978498916,0.003114347,5
0.991138532,0.004311796,0.001586221,0.002963451,6
0.142765113,0.007566273,0.028112114,0.8215565,7
0.139386512,0.853845956,0.003278057,0.003489474,8
0.584094288,0.047945382,0.07425926,0.29370107,9
0.122952958,0.801753952,0.065811976,0.009481114,10
0.008176057,0.945023638,0.041521445,0.005278859,11
0.320534056,0.36321267,0.1826348,0.133618474,12
0.005540048,0.991781802,0.0010909,0.00158725,13
0.94535695,0.002826566,0.050102085,0.001714399,14
0.948320358,0.007240515,0.039141854,0.005297274,15
0.087513793,0.015207617,0.883857916,0.013420675,16
0.891894417,0.03248725,0.050317237,0.025301096,17
0.298059496,0.523110706,0.169829181,0.009000617,18
0.769825524,0.220558692,0.002955488,0.006660295,19
0.077702361,0.475984724,0.271207921,0.175104994,20
0.023829553,0.008766403,0.74131557,0.226088475,21
0.168626248,0.66692975,0.0796534,0.084790603,22
0.060284301,0.163869741,0.041432754,0.734413204,23
0.089652851,0.455294744,0.42770983,0.027342575,24
0.757670031,0.010807583,0.000446082,0.231076304,25
0.025919905,0.972637323,0.000833194,0.000609578,26
0.255797299,0.016352574,0.69532915,0.032520977,27
0.197477316,0.197477316,0.068246334,0.536799033,28
0.786420909,0.008736348,0.198838345,0.006004398,29
0.733904197,0.06024252,0.09330544,0.112547844,30
0.230496294,0.009513721,0.004221688,0.755768297,31
0.059055758,0.014026972,0.92378743,0.00312984,32
0.03702658,0.00236703,0.00567821,0.95492818,33
0.029220484,0.967649433,0.00073152,0.002398563,34
0.706886151,0.178728809,0.039879788,0.074505252,35
0.575817887,0.289539417,0.034580552,0.100062145,36
0.014421871,0.088344649,0.004984065,0.892249415,37
0.990406701,0.007561848,0.001234438,0.000797013,38
0.071527481,0.927582554,0.000188734,0.000701231,39
0.61025981,0.028542235,0.347715558,0.013482397,40
0.05257251,0.931869966,0.010352141,0.005205383,41
0.027166592,0.025520651,0.899633904,0.047678853,42
0.007081823,0.927535632,0.009679705,0.05570284,43
0.056289793,0.004077619,0.002323357,0.937309231,44
0.100221084,0.212168037,0.541790062,0.145820817,45
0.027337148,0.005056864,0.963667699,0.00393829,46
0.004860262,0.005862595,0.003340406,0.985936738,47
0.197890612,0.013466625,0.369708335,0.418934428,48
0.144800158,0.127785691,0.036611213,0.690802938,49
0.009704129,0.989848064,0.000258606,0.0001892,50
0.603911549,0.126586722,0.134750865,0.134750865,51
0.121009729,0.11367812,0.068949265,0.696362887,52
0.117498098,0.410108636,0.035834895,0.43655837,53
0.969039333,0.010112835,0.014714088,0.006133744,54
0.883242882,0.105488321,0.00717857,0.004090226,55
0.937076572,0.000968279,0.002049846,0.059905303,56
0.434810853,0.141162416,0.205390104,0.218636627,57
0.006683557,0.991927766,0.000484155,0.000904521,58
0.102822242,0.033381495,0.05503678,0.808759483,59
0.006068133,0.900590745,0.08917056,0.004170563,60
0.429331765,0.115553091,0.429331765,0.02578338,61
0.398591177,0.065068221,0.398591177,0.137749425,62
0.343991359,0.642660485,0.003589872,0.009758284,63
0.003817023,0.994232331,0.001494768,0.000455878,64
0.0536864,0.893958723,0.026995217,0.02535966,65
0.006688886,0.992718738,0.00033302,0.000259356,66
0.979066277,0.004826393,0.002141699,0.013965631,67
0.975478894,0.01576715,0.003304974,0.005448981,68
0.384078969,0.493167158,0.091226751,0.031527122,69
0.022364693,0.005654679,0.950970943,0.021009685,70
0.134920644,0.776414655,0.076875466,0.011789235,71
0.025868807,0.97071982,0.001287932,0.002123441,72
0.095072454,0.902022323,0.001973166,0.000932058,73
0.010200971,0.00331177,0.977484933,0.009002325,74
0.988767827,0.004040868,0.005879428,0.001311878,75
0.039496845,0.11428791,0.844479876,0.00173537,76
0.102566093,0.80674487,0.070492576,0.020196461,77
0.973076711,0.024360496,0.001557315,0.001005478,78
0.923321567,0.035801063,0.019162928,0.021714442,79
0.974895202,0.006568791,0.009557535,0.008978473,80
0.032020549,0.935777573,0.016100939,0.016100939,81
0.063230168,0.929160463,0.004042168,0.003567201,82
0.01729745,0.944408821,0.03231589,0.005977839,83
0.290546719,0.018574028,0.450007562,0.240871691,84
0.986830098,0.005512387,0.00178961,0.005867905,85
0.216295996,0.00448908,0.024267738,0.754947185,86
0.153948,0.689947109,0.028477517,0.127627375,87
0.103313145,0.075585512,0.812620882,0.008480461,88
0.981034874,0.008487614,0.006209671,0.00426784,89
0.017955465,0.980335348,0.001012978,0.000696209,90
0.075509537,0.002012261,0.002583794,0.919894409,91
0.209672628,0.017210981,0.731829402,0.041286988,92
0.913544702,0.004503399,0.079824643,0.002127255,93
0.020303216,0.978263661,0.000541062,0.000892061,94
0.895540234,0.078251437,0.019785062,0.006423268,95
0.990911302,0.005892173,0.001797011,0.001399514,96
0.462556066,0.007476522,0.005822721,0.524144691,97
0.997637639,0.000708497,0.00024485,0.001409014,98
0.124244359,0.011556526,0.001772251,0.862426865,99
0.570201332,0.153467616,0.223294063,0.053036989,100
0.789235354,0.012756803,0.060859303,0.13714854,101
0.871568914,0.033794392,0.091862681,0.002774013,102
0.191252232,0.096167662,0.589098384,0.123481722,103
0.159511422,0.556749535,0.159511422,0.12422762,104
0.059719105,0.236193616,0.683448908,0.020638371,105
0.628361567,0.109192854,0.031284277,0.231161302,106
0.910886989,0.025839877,0.061986643,0.001286491,107
0.014422951,0.034598868,0.001112179,0.949866003,108
0.19058448,0.004771188,0.00225375,0.802390583,109
0.037540166,0.012187508,0.854410154,0.095862172,110
0.123238821,0.295634563,0.457887795,0.123238821,111
0.209607408,0.778785998,0.010435737,0.001170857,112
0.014048955,0.36232733,0.597376811,0.026246904,113
0.041608701,0.947009684,0.00872166,0.002659956,114
0.014918019,0.001387592,0.001224546,0.982469844,115
0.098046328,0.194988407,0.680576453,0.026388811,116
0.06913567,0.01449162,0.019807701,0.896565008,117
0.951314474,0.026986713,0.019743901,0.001954911,118
0.032810687,0.057584549,0.008830875,0.900773889,119
0.044015483,0.941092479,0.006749993,0.008142046,120
0.11969475,0.830846185,0.01724366,0.032215405,121
0.188521656,0.009991282,0.007781218,0.793705844,122
0.102349905,0.710449137,0.084851052,0.102349905,123
0.011650113,0.985171883,0.002024486,0.001153517,124
0.011605625,0.002146825,0.004837944,0.981409606,125
0.039321961,0.007273833,0.952683999,0.000720207,126
0.554154387,0.315747652,0.027589719,0.102508242,127
0.135432917,0.779362653,0.053036293,0.032168137,128
0.08575187,0.866063251,0.045899669,0.00228521,129
0.165013861,0.199044711,0.395847675,0.240093752,130
0.995363017,0.00358984,0.000752471,0.000294672,131
0.019812181,0.954604408,0.012791705,0.012791705,132
0.294301433,0.663218557,0.033019706,0.009460304,133
0.167646656,0.031011513,0.178458937,0.622882893,134
0.011450594,0.009492875,0.968299694,0.010756837,135
0.138428815,0.003465498,0.275298571,0.582807115,136
0.170419237,0.051974931,0.218822632,0.5587832,137
0.882858243,0.03423213,0.010440207,0.07246942,138
0.001480447,0.013195084,0.984707327,0.000617142,139
0.921781092,0.001079295,0.001475221,0.075664393,140
0.178718099,0.800958987,0.011425064,0.008897849,141
0.516787674,0.456063521,0.009465299,0.017683506,142
0.059282347,0.009091242,0.004294399,0.927332012,143
0.031123865,0.96823517,0.000535516,0.000105449,144
0.020281948,0.977239054,0.001469219,0.001009779,145
0.018038604,0.052196444,0.004560873,0.925204079,146
0.583501089,0.258927039,0.147532179,0.010039693,147
0.280018086,0.002008432,0.002922251,0.715051232,148
0.029264395,0.969103752,0.000346065,0.001285788,149
0.968780007,0.017743824,0.006527588,0.006948581,150
0.119741752,0.223707018,0.009233492,0.647317738,151
0.128053898,0.175028927,0.004664363,0.692252812,152
0.915272275,0.07057822,0.010167754,0.00398175,153
0.016851801,0.002584307,0.979417113,0.001146779,154
0.01210094,0.0240656,0.961296965,0.002536495,155
0.093987204,0.009305991,0.891725666,0.004981138,156
0.005904402,0.992967482,0.000377456,0.00075066,157
0.511032036,0.006043192,0.002854602,0.48007017,158
0.188933471,0.007325746,0.795439626,0.008301157,159
0.957322314,0.025511778,0.009385257,0.007780651,160
0.316296608,0.048505656,0.006166802,0.629030934,161
0.957125349,0.032751028,0.00644906,0.003674563,162
0.124392551,0.007017748,0.863455408,0.005134294,163
0.047351042,0.951071154,0.000464213,0.00111359,164
0.982628958,0.014016448,0.001781991,0.001572602,165
0.325470837,0.010462244,0.127456226,0.536610692,166
0.547271021,0.022588573,0.4262151,0.003925306,167
0.902829723,0.030893136,0.000876371,0.06540077,168
0.491143998,0.169734814,0.001563204,0.337557984,169
0.998774702,0.000855584,0.000260938,0.000108775,170
0.0096996,0.98938599,0.00040035,0.00051406,171
0.014018246,0.002436006,0.000790855,0.982754892,172
0.597483061,0.013200118,0.003552764,0.385764058,173
0.016892584,0.981787175,0.000742208,0.000578032,174
0.998375376,0.001410056,0.000148619,6.59E-05,175
0.045997166,0.867902882,0.019174471,0.066925481,176
0.88037954,0.063774474,0.046658402,0.009187584,177
0.987783231,0.010308445,0.000513227,0.001395096,178
0.679101584,0.063166283,0.19456585,0.063166283,179
0.585280439,0.02737393,0.377885453,0.009460177,180
0.998380031,0.000910405,0.000518733,0.000190831,181
0.120075088,0.068416723,0.028520333,0.782987857,182
0.101027944,0.746501099,0.09490697,0.057563987,183
0.296084147,0.014741162,0.230590566,0.458584125,184
0.310905051,0.100936092,0.580847071,0.007311786,185
0.014874455,0.979600829,0.004829028,0.000695688,186
0.024075792,0.010036286,0.961704176,0.004183746,187
0.939783473,0.012593107,0.041291208,0.006332212,188
0.097890181,0.009105207,0.872485715,0.020518897,189
0.003375344,0.99624927,0.000244509,0.000130876,190
0.942993261,0.032267458,0.006353838,0.018385443,191
0.196160037,0.01824573,0.775827997,0.009766236,192
0.069269227,0.01130789,0.021125921,0.898296962,193
0.281535927,0.016907549,0.6753696,0.026186924,194
0.610609896,0.347915021,0.025202883,0.0162722,195
0.050181071,0.145203743,0.784963996,0.01965119,196
0.18698935,0.240099078,0.508289782,0.06462179,197
0.023539498,0.503296729,0.127253326,0.345910446,198
0.460229353,0.007438913,0.010823555,0.521508179,199
0.056052966,0.183790622,0.11866413,0.641492283,200
0.991646009,0.001914327,0.005203681,0.001235983,201
0.008055646,0.991157389,0.000454468,0.000332496,202
0.944781281,0.032328635,0.022219125,0.000670959,203
0.587371005,0.061908441,0.09007625,0.260644304,204
0.134041627,0.142686586,0.28376616,0.439505627,205
0.831454837,0.135731267,0.028450823,0.004363074,206
0.235824829,0.111395775,0.641038367,0.011741028,207
0.031036334,0.965511992,0.002248265,0.001203409,208
0.930728041,0.055894569,0.006271195,0.007106195,209
0.278583158,0.007902797,0.002127009,0.711387036,210
0.007062248,0.007517723,0.984627667,0.000792362,211
0.824419824,0.098462914,0.038558631,0.038558631,212
0.078896966,0.016537698,0.001637454,0.902927882,213
0.005547562,0.993127314,0.000662562,0.000662562,214
0.005900574,0.992323887,0.001025366,0.000750174,215
0.205045171,0.298338963,0.43408063,0.062535236,216
0.014037116,0.984077848,0.001305655,0.000579381,217
0.480701172,0.03706769,0.480701172,0.001529966,218
0.171302731,0.300645655,0.386036663,0.142014952,219
0.027539046,0.97078473,0.000942334,0.000733891,220
0.021580118,0.976790733,0.000890718,0.000738431,221
0.994252057,0.004604301,0.000965114,0.000178528,222
0.99644989,0.001807056,0.001594721,0.000148332,223
0.397560654,0.479549687,0.069085679,0.053803981,224
0.112894304,0.144959156,0.00598318,0.736163359,225
0.127807784,0.068410577,0.782917592,0.020864047,226
0.017785798,0.007414224,0.003728106,0.971071873,227
0.828986583,0.082080792,0.077107768,0.011824856,228
0.009707771,0.086524423,0.873865766,0.02990204,229
0.021348844,0.006930953,0.966322371,0.005397832,230
0.806491868,0.000944305,0.001005207,0.19155862,231
0.042107041,0.200881455,0.746365174,0.01064633,232
0.02153515,0.974755386,0.002416177,0.001293287,233
0.997301742,0.002049413,0.000314288,0.000334558,234
0.010288516,0.985873522,0.000700142,0.00313782,235
0.062440644,0.917558571,0.01155036,0.008450424,236
0.986658083,0.005866885,0.001229766,0.006245266,237
0.010289399,0.002443947,0.985958504,0.00130815,238
0.577427113,0.372814965,0.047398109,0.002359813,239
0.02433275,0.971968392,0.002409269,0.001289589,240
0.014926815,0.983049162,0.001782754,0.000241269,241
0.020286164,0.977442033,0.001380491,0.000891312,242
0.412719129,0.049292277,0.529941852,0.008046743,243
0.014022058,0.001477914,0.983022114,0.001477914,244
0.792303721,0.121503713,0.083508199,0.002684367,245
0.067648703,0.824129885,0.07201167,0.036209742,246
0.064975466,0.13755308,0.743604901,0.053866554,247
0.167866201,0.800844817,0.014667982,0.016621001,248
0.982787916,0.007503677,0.005157197,0.00455121,249
0.110622999,0.046114527,0.63659148,0.206670995,250
0.98747498,0.008543331,0.001682282,0.002299406,251
0.988164427,0.007544729,0.002607388,0.001683456,252
0.196611927,0.072329486,0.196611927,0.53444666,253
0.061034276,0.543992577,0.373880266,0.021092881,254
0.811311588,0.159756724,0.015818058,0.01311363,255
0.155582863,0.155582863,0.615342142,0.073492132,256
0.841064326,0.146155056,0.003437237,0.00934338,257
0.004320778,0.001237924,0.001237924,0.993203375,258
0.367397649,0.067961731,0.092892673,0.471747947,259
0.020431057,0.86875069,0.103757467,0.007060786,260
0.01279743,0.039418849,0.897168917,0.050614804,261
0.030936632,0.005375981,0.96241048,0.001276907,262
0.030220067,0.002992192,0.940118625,0.026669116,263
0.078855197,0.007334676,0.902449958,0.011360168,264
0.953244885,0.002085214,0.039345119,0.005324782,265
0.017944432,0.001669092,0.000653626,0.97973285,266
0.150037056,0.31762845,0.491952568,0.040381926,267
0.02860274,0.947192619,0.023712504,0.000492137,268
0.04928425,0.929925674,0.006669899,0.014120177,269
0.134297074,0.388601421,0.41366406,0.063437446,270
0.01097134,0.987608535,0.001020494,0.000399631,271
0.039335911,0.953021836,0.004413366,0.003228887,272
0.724147591,0.008563381,0.250258711,0.017030317,273
0.010276186,0.003551355,0.001480425,0.984692035,274
0.98743048,0.006653255,0.002773489,0.003142775,275
0.099943055,0.211579424,0.651710526,0.036766995,276
0.391394847,0.001812518,0.606204197,0.000588438,277
0.208098226,0.640987661,0.052615471,0.098298642,278
0.041958074,0.954961376,0.001962405,0.001118145,279
0.003591355,0.995783356,0.000486037,0.000139252,280
0.027075913,0.954458907,0.012789759,0.005675421,281
0.027433831,0.967075958,0.004207114,0.001283097,282
0.262050349,0.669169029,0.035464658,0.033315963,283
0.217953251,0.317120109,0.246973389,0.217953251,284
0.656204737,0.088807665,0.176615109,0.078372489,285
0.039476817,0.956435654,0.003449445,0.000638083,286
0.986481269,0.002949526,0.010294856,0.000274349,287
0.018661784,0.012826044,0.069336941,0.89917523,288
0.354080533,0.018765581,0.005723179,0.621430707,289
0.115263425,0.024160526,0.008888159,0.85168789,290
0.018792476,0.799076414,0.014635592,0.167495518,291
0.086698888,0.006280448,0.7727388,0.134281864,292
0.008016595,0.091745069,0.870453073,0.029785263,293
0.125171364,0.020433664,0.816219863,0.038175109,294
0.965074947,0.029142735,0.002710697,0.003071622,295
0.851208056,0.029126736,0.004466731,0.115198477,296
0.004841341,0.012362796,0.982098402,0.000697461,297
0.145274515,0.015311821,0.835997135,0.003416529,298
0.917266606,0.045668013,0.016800323,0.020265058,299
0.839242135,0.106697662,0.025342916,0.028717286,300
0.046805669,0.940116877,0.006334458,0.006742996,301
0.007105745,0.990691755,0.001687762,0.000514738,302
0.30443331,0.344968134,0.268661453,0.081937104,303
0.994911353,0.00217636,0.001320029,0.001592259,304
0.268418793,0.285730318,0.415735135,0.030115754,305
0.988103335,0.009100116,0.001310996,0.001485553,306
0.015821534,0.978843489,0.004258308,0.001076669,307
0.995363017,0.000752471,0.000294672,0.00358984,308
0.358481997,0.123888048,0.02764316,0.489986795,309
0.00627668,0.001586993,0.991621106,0.000515221,310
0.182590623,0.038273074,0.438012109,0.341124194,311
0.977044426,0.020277911,0.002137276,0.000540388,312
0.478205595,0.044480049,0.290046355,0.187268002,313
0.045811397,0.812026341,0.00960259,0.132559672,314
0.993053772,0.002172296,0.002312397,0.002461534,315
0.044573404,0.953021486,0.001728299,0.000676812,316
0.070266199,0.002258704,0.12332102,0.804154077,317
0.307996755,0.271806183,0.164858783,0.255338279,318
0.027365086,0.964652615,0.005736035,0.002246264,319
0.01170211,0.023272425,0.497586349,0.467439116,320
0.100615215,0.000768207,0.001842832,0.896773746,321
0.184955641,0.014262248,0.77869231,0.022089801,322
0.989853152,0.009116233,0.000483143,0.000547472,323
0.006282135,0.992483145,0.000750294,0.000484426,324
0.112200131,0.002638695,0.002638695,0.88252248,325
0.037185247,0.054104216,0.007794453,0.900916084,326
0.340799599,0.636697473,0.007529242,0.014973686,327
0.403347545,0.010097609,0.551310728,0.035244118,328
0.023394308,0.934482321,0.034038517,0.008084854,329
0.034237763,0.043962158,0.883003612,0.038796468,330
0.114747123,0.582734008,0.027254831,0.275264038,331
0.067274299,0.928693095,0.00158214,0.002450466,332
0.939768394,0.056437474,0.003389334,0.000404798,333
0.998128435,0.000910175,0.000295491,0.000665899,334
0.978634031,0.013959465,0.004824262,0.002582241,335
0.011553793,0.002421807,0.008998103,0.977026298,336
0.035021273,0.002874721,0.961462569,0.000641437,337
0.018418814,0.144875198,0.8336992,0.003006788,338
0.025875687,0.970977903,0.002260992,0.000885417,339
0.682116419,0.250936599,0.02334074,0.043606242,340
0.208724607,0.344128699,0.303692511,0.143454184,341
0.112528413,0.885104535,0.001330701,0.001036351,342
0.930230113,0.055864657,0.010333922,0.003571308,343
0.010873199,0.003757677,0.978774196,0.006594928,344
0.00520068,0.002036615,0.001688414,0.991074291,345
0.187151732,0.396200196,0.37219564,0.044452433,346
0.062659405,0.002586263,0.013981203,0.920773129,347
0.00711011,0.001235552,0.000353992,0.991300347,348
0.975111703,0.004806898,0.01390922,0.006172179,349
0.182826363,0.723092271,0.038322483,0.055758884,350
0.020135516,0.008393732,0.970183531,0.00128722,351
0.214375898,0.42633738,0.332031885,0.027254837,352
0.962445253,0.012896773,0.014613958,0.010044017,353
0.021085479,0.019807975,0.004704808,0.954401738,354
0.027528848,0.970425239,0.001653236,0.000392678,355
0.038202578,0.03167105,0.925563726,0.004562646,356
0.148494183,0.665504759,0.168265954,0.017735103,357
0.996737935,0.002180355,0.000457027,0.000624682,358
0.172339348,0.004314431,0.822185008,0.001161213,359
0.952419015,0.011989189,0.028760562,0.006831234,360
0.923535005,0.00905402,0.031601634,0.035809342,361
0.779080503,0.185047842,0.009212988,0.026658666,362
0.201753225,0.548422126,0.21476519,0.035059458,363
0.21325345,0.699231164,0.022476751,0.065038635,364
0.715238433,0.016820797,0.263121531,0.004819239,365
0.948706214,0.030496114,0.006392331,0.014405341,366
0.772550578,0.005205406,0.000904564,0.221339453,367
0.983589263,0.010926691,0.002151593,0.003332453,368
0.123937111,0.011527944,0.860294051,0.004240894,369
0.642894055,0.162549068,0.032007809,0.162549068,370
0.012979307,0.008920539,0.968604291,0.009495864,371
0.16886166,0.756785502,0.022852941,0.051499897,372
0.21088068,0.610203443,0.106037465,0.072878413,373
0.021562092,0.975974871,0.000693112,0.001769925,374
0.185631042,0.781535889,0.028467446,0.004365623,375
0.842255787,0.034764046,0.053843607,0.06913656,376
0.561291027,0.385769305,0.043282122,0.009657547,377
0.161019187,0.019230999,0.002026932,0.817722881,378
0.009106987,0.001021776,0.988849461,0.001021776,379
0.80926566,0.109522209,0.029477503,0.051734628,380
0.007573521,0.991935769,0.000275866,0.000214844,381
0.980965091,0.010237288,0.006209229,0.002588392,382
0.022890854,0.973343813,0.00200018,0.001765153,383
0.037119717,0.899328511,0.057492143,0.006059629,384
0.963167526,0.010699824,0.007353874,0.018778776,385
0.142895668,0.725684101,0.059567777,0.071852454,386
0.138410165,0.114746057,0.453829458,0.293014321,387
0.870021314,0.009079489,0.010288409,0.110610789,388
0.025857601,0.002901143,0.000941863,0.970299392,389
0.581145506,0.03079958,0.375215739,0.012839175,390
0.440170392,0.250801529,0.024832714,0.284195365,391
0.153313775,0.324565264,0.416750048,0.105370914,392
0.013156715,0.003326539,0.981844058,0.001672689,393
0.004601974,0.993749421,0.000485044,0.001163561,394
0.004050482,0.991120319,0.001024122,0.003805076,395
0.015201498,0.041321945,0.002993352,0.940483204,396
0.035016275,0.96132537,0.002382887,0.001275467,397
0.545463822,0.374891436,0.03487034,0.044774402,398
0.046344193,0.055901767,0.874450716,0.023303324,399
0.856175379,0.033197522,0.084772842,0.025854256,400
0.005502227,0.001480904,0.008005693,0.985011175,401
0.177308226,0.02117645,0.794640337,0.006874987,402
0.707607145,0.229726399,0.039920462,0.022745994,403
0.996896697,0.00247106,0.000429406,0.000202837,404
0.013196626,0.001083245,0.000898042,0.984822087,405
0.172249112,0.498419331,0.134147743,0.195183814,406
0.56978021,0.032144796,0.367877753,0.030197241,407
0.020316367,0.97889735,0.000308488,0.000477795,408
0.161557439,0.82045635,0.015027183,0.002959028,409
0.03611176,0.002615928,0.029937701,0.931334611,410
0.050003181,0.943490915,0.002650072,0.003855832,411
0.70422422,0.293564322,0.000934351,0.001277106,413
0.404691586,0.430791951,0.084827965,0.079688498,414
0.939074351,0.011821202,0.02835759,0.020746856,415
0.142724876,0.600894207,0.250489958,0.005890959,416
0.711727866,0.203913454,0.004505034,0.079853646,417
0.006184969,0.011555043,0.977132468,0.005127519,418
0.302505473,0.111285544,0.221317732,0.364891252,419
0.032303436,0.944044851,0.017290787,0.006360925,420
0.978769367,0.008468016,0.00188947,0.010873148,421
0.280491788,0.716260893,0.001775433,0.001471886,422
0.020538465,0.387532427,0.563856355,0.028072753,423
0.010137666,0.013017021,0.971419012,0.005426301,424
0.075615285,0.002587412,0.000614564,0.921182739,425
0.007581402,0.823199034,0.007122068,0.162097496,426
0.07917328,0.095501205,0.025703801,0.799621715,427
0.121508831,0.065038991,0.021115069,0.79233711,428
0.39739949,0.256580395,0.146195102,0.199825013,429
0.00855941,0.989333146,0.001487402,0.000620042,430
0.112372215,0.883876008,0.002994619,0.000757158,431
0.052975279,0.939009198,0.003386595,0.004628927,432
0.302487776,0.012485162,0.003360336,0.681666726,433
0.045450134,0.008407431,0.912890406,0.033252028,434
0.93813213,0.016141458,0.020726038,0.025000374,435
0.008659893,0.005951852,0.732309028,0.253079228,436
0.055382515,0.075698923,0.866328287,0.002590275,437
0.02948141,0.809373078,0.159375016,0.001770496,438
0.374032791,0.616675819,0.001528587,0.007762803,439
0.166906716,0.06140155,0.582561647,0.189130087,440
0.010315697,0.00065946,0.000546712,0.988478131,441
0.655012174,0.22636615,0.064854996,0.05376668,442
0.052838494,0.020691851,0.046629807,0.879839848,443
0.078659399,0.012840797,0.900209162,0.008290642,444
0.019472447,0.008117322,0.034175209,0.938235021,445
0.049779067,0.006328698,0.004630174,0.939262061,446
0.232957891,0.763839494,0.002587928,0.000614687,447
0.140302438,0.029408989,0.022903743,0.807384831,448
0.013872784,0.013032275,0.972557035,0.000537906,449
0.516541337,0.45584613,0.027375686,0.000236846,450
0.320781019,0.013240217,0.028029533,0.637949231,451
0.038844523,0.003846128,0.016192802,0.941116548,452
0.011652414,0.002024886,0.985366212,0.000956488,453
0.028118711,0.413201435,0.530561144,0.028118711,454
0.119275747,0.47174473,0.063843707,0.345135817,455
0.853783178,0.089988094,0.001648189,0.054580538,456
0.993813718,0.003584252,0.001802275,0.000799755,457
0.997481737,0.001596372,0.000587273,0.000334618,458
0.982331814,0.008498836,0.003328192,0.005841159,459
0.992918505,0.00336406,0.001800652,0.001916784,460
0.805207417,0.025883348,0.123482546,0.04542669,461
0.039339822,0.005324066,0.953116711,0.002219401,462
0.015799731,0.977494614,0.004818646,0.001887009,463
0.014822868,0.00352074,0.976203364,0.005453028,464
0.049954626,0.003852087,0.003618701,0.942574585,465
0.222066322,0.00204516,0.000800896,0.775087622,466
0.076469538,0.161886013,0.725522797,0.036121652,467
0.089253889,0.846817291,0.034952325,0.028976495,468
0.864474576,0.116993903,0.006200451,0.01233107,469
0.688218355,0.305395025,0.002993987,0.003392632,470
0.184372829,0.026561421,0.729208663,0.059857087,471
0.025479097,0.003907345,0.014517548,0.95609601,472
0.962373177,0.01138051,0.010691,0.015555313,473
0.666112282,0.314649163,0.013824718,0.005413837,474
0.764879839,0.181674891,0.004548142,0.048897128,475
0.005218561,0.994481693,0.000215396,8.44E-05,476
0.010897298,0.004835647,0.980943568,0.003323488,477
0.009701495,0.989579291,0.00029296,0.000426254,478
0.023625079,0.030335201,0.94370052,0.0023392,479
0.079294915,0.907482264,0.001062552,0.012160269,480
0.996237921,0.001594382,0.001923191,0.000244506,481
0.995372581,0.003168053,0.000752478,0.000706888,482
0.120000767,0.832970447,0.012647991,0.034380795,483
0.987135958,0.003560168,0.005514096,0.003789779,484
0.02159533,0.97747937,0.000477103,0.000448197,485
0.175250302,0.018471244,0.113150086,0.693128369,486
0.345095916,0.196629726,0.015162456,0.443111901,487
0.751896103,0.002547463,0.244104932,0.001451501,488
0.005902198,0.992597042,0.00075038,0.00075038,489
0.072476775,0.008131671,0.882947943,0.036443611,490
0.474218159,0.474218159,0.038926195,0.012637488,491
0.873427251,0.097995816,0.024777222,0.003799711,492
0.858570305,0.045502554,0.090492635,0.005434505,493
0.027332755,0.006910803,0.963512834,0.002243609,494
0.07823794,0.895385881,0.023861224,0.002514955,495
0.841672654,0.036980514,0.088711642,0.032635189,496
0.304109635,0.568151596,0.059882738,0.067856032,497
0.939291833,0.036420294,0.008126466,0.016161407,498
0.07721673,0.688225157,0.011124125,0.223433989,499
0.860361025,0.029439932,0.007443582,0.10275546,500
0.534561399,0.067961855,0.092892842,0.304583904,501
0.058866546,0.007966721,0.012339098,0.920827635,502
0.036950643,0.006421061,0.952969686,0.00365861,503
0.65671077,0.146531975,0.166042481,0.030714774,504
0.982100154,0.010910145,0.001149921,0.00583978,505
0.025109151,0.020816218,0.94221391,0.01186072,506
0.117186585,0.132789797,0.674362273,0.075661346,507
0.013875438,0.757573099,0.011503142,0.21704832,508
0.006644495,0.006644495,0.98613042,0.00058059,509
0.012750314,0.653966304,0.212311768,0.120971613,510
0.253034548,0.472730771,0.197063504,0.077171177,511
0.988444975,0.005521407,0.005186882,0.000846735,512
0.09502761,0.901596859,0.001740491,0.00163504,513
0.019082539,0.000950064,0.001219906,0.978747491,514
0.222533709,0.77671894,0.000486791,0.00026056,515
0.006277769,0.001024818,0.000904398,0.991793016,516
0.063617444,0.934851419,0.000623683,0.000907454,517
0.471816752,0.009792246,0.502246318,0.016144684,518
0.723268355,0.266075558,0.003565414,0.007090673,519
0.564456196,0.017045096,0.005533733,0.412964975,520
0.229913615,0.010101698,0.753857698,0.00612699,521
0.072626349,0.68905957,0.174221554,0.064092528,522
0.980839919,0.013143259,0.001474633,0.004542189,523
0.191536515,0.806398898,0.001373797,0.000690789,524
0.148919058,0.805048787,0.029323898,0.016708257,525
0.058893176,0.865428868,0.055325019,0.020352937,526
0.038408951,0.930563748,0.011714068,0.019313233,527
0.002469576,0.000378722,0.000853463,0.99629824,528
0.004641048,0.830842487,0.000913876,0.163602588,529
0.111158295,0.028105218,0.221064666,0.639671821,530
0.018758794,0.962142499,0.005374483,0.013724224,531
0.076701893,0.774661659,0.092520144,0.056116304,532
0.377160156,0.032955891,0.584157077,0.005726875,533
0.891916064,0.064610184,0.019704993,0.023768759,534
0.993754438,0.003815189,0.001026844,0.001403529,535
0.034227672,0.939675339,0.01426822,0.01182877,536
0.991303778,0.00380578,0.001315242,0.0035752,537
0.242659803,0.007800287,0.129886433,0.619653478,538
0.032670741,0.009360326,0.896931952,0.06103698,539
0.92946909,0.049260054,0.003149091,0.018121765,540
0.104774013,0.877262151,0.007589804,0.010374032,541
0.005713657,0.902672184,0.0022375,0.089376658,542
0.201045648,0.002530791,0.001272562,0.795150999,543
0.132579675,0.096997362,0.007479632,0.762943331,544
0.8331207,0.002198288,0.00062982,0.164051193,545
0.680515838,0.059462811,0.052475747,0.207545604,546
0.104518605,0.822102573,0.067482284,0.005896538,547
0.011672645,0.000958149,0.000292219,0.987076987,548
0.040710114,0.265463292,0.01594231,0.677884284,549
0.063590995,0.001239827,0.000706432,0.934462746,550
0.029209326,0.624522967,0.051263964,0.295003743,551
0.995613716,0.00246788,0.001165744,0.000752661,552
0.018515494,0.175670133,0.78729888,0.018515494,553
0.04675859,0.008125423,0.005944686,0.939171301,554
0.093420937,0.013458562,0.00676739,0.886353111,555
0.209673761,0.00865427,0.002639403,0.779032566,556
0.969073003,0.029263472,0.00088368,0.000779845,557
0.029052312,0.962080482,0.006482447,0.002384759,558
0.128245344,0.128245344,0.693287715,0.050221598,559
0.089006923,0.898938121,0.008812879,0.003242077,560
0.929819931,0.015998436,0.036053031,0.018128603,561
0.088649141,0.841079705,0.060927604,0.009343551,562
0.094589477,0.897439919,0.006852039,0.001118565,563
0.288529397,0.028568279,0.288529397,0.394372927,564
0.153502682,0.535777036,0.269405596,0.041314686,565
0.082755033,0.239459627,0.650918714,0.026866626,566
0.408448579,0.010225311,0.558283015,0.023043095,567
0.940915992,0.053082846,0.002813288,0.003187873,568
0.926543493,0.010956806,0.040709484,0.021790217,569
0.003368779,0.994311424,0.001803178,0.000516619,570
0.951438373,0.007264322,0.004406034,0.036891271,571
0.997220063,0.000967995,0.001595954,0.000215989,572
0.031923474,0.06348741,0.876416749,0.028172367,573
0.701593496,0.039581198,0.044851373,0.213973933,574
0.838407492,0.083013593,0.041741856,0.036837059,575
0.005895017,0.001315356,0.001400189,0.991389438,576
0.388189914,0.049352812,0.530592703,0.03186457,577
0.033036126,0.000776935,0.000729863,0.965457076,578
0.997329895,0.001596129,0.000587183,0.000486792,579
0.02585261,0.003498771,0.970112065,0.000536554,580
0.996186308,0.002798083,0.0004291,0.00058651,581
0.274746125,0.012071502,0.05410072,0.659081653,582
0.013967442,0.979193338,0.004827019,0.002012201,583
0.017910366,0.002746644,0.001470172,0.977872818,584
0.063171297,0.928295331,0.005185416,0.003347956,585
0.105549104,0.112356437,0.64656671,0.135527749,586
0.21426993,0.453609445,0.24279964,0.089320985,587
0.015134279,0.001924108,0.04661686,0.936324753,588
0.04386119,0.937793655,0.001168861,0.017176293,589
0.020278276,0.002007822,0.977062058,0.000651844,590
0.985897342,0.010288762,0.002025977,0.001787919,591
0.432482207,0.025972575,0.2792315,0.262313718,592
0.95048936,0.011239977,0.003649086,0.034621576,593
0.038407358,0.930525159,0.024797654,0.006269829,594
0.021346915,0.054511258,0.664083129,0.260058698,595
0.941656011,0.053124591,0.003615174,0.001604224,596
0.97738231,0.016816794,0.002275906,0.003524991,597
0.024934497,0.059814749,0.036279479,0.878971275,598
0.018080215,0.598734421,0.24958964,0.133595723,599
0.232191001,0.045721119,0.631160578,0.090927302,600
0.014907311,0.922282744,0.04591775,0.016892196,601
0.979616724,0.015834033,0.003760913,0.00078833,602
0.321934152,0.009132571,0.601452213,0.067481064,603
0.685691613,0.008108621,0.001925966,0.3042738,604
0.234620049,0.301258107,0.052350809,0.411771035,605
0.997854326,0.00124372,0.000587492,0.000314462,606
0.032715184,0.007299742,0.956077803,0.003907271,607
0.189452237,0.749298155,0.00346994,0.057779668,608
0.81260112,0.150316086,0.007483798,0.029598996,609
0.188815397,0.012070565,0.004171475,0.794942563,610
0.00460568,0.994549819,0.00055007,0.000294431,611
0.279469135,0.204463987,0.406625192,0.109441686,612
0.167457822,0.750493846,0.05107175,0.030976582,613
0.451136955,0.114065285,0.351345814,0.083451946,614
0.415176253,0.344193203,0.236560298,0.004070245,615
0.083842406,0.901390836,0.006465234,0.008301524,616
0.254934839,0.370928003,0.003209156,0.370928003,617
0.870727911,0.014981699,0.010296761,0.103993628,618
0.997522013,0.001408851,0.000403642,0.000665494,619
0.011575233,0.066610865,0.002279298,0.919534604,620
0.052395574,0.0103173,0.008553342,0.928733784,621
0.003375853,0.99639924,0.000122965,0.000101942,622
0.98963119,0.005528036,0.001487851,0.003352923,623
0.240542652,0.577031824,0.128753203,0.05367232,624
0.588960542,0.357222626,0.04541576,0.008401071,625
0.983027986,0.010258819,0.002436683,0.004276512,626
0.11307156,0.69264732,0.1062209,0.088060219,627
0.017788638,0.003091202,0.00789366,0.9712265,628
0.135588549,0.002191585,0.417642132,0.444577735,629
0.963096896,0.024110661,0.00833242,0.004460023,630
0.079311173,0.907668312,0.006510258,0.006510258,631
0.953368646,0.044589646,0.00111628,0.000925428,632
0.039820027,0.294232416,0.663063004,0.002884553,633
0.684518216,0.303753117,0.011064209,0.000664457,634
0.010806053,0.015722714,0.711664501,0.261806731,635
0.086009783,0.868668143,0.033681915,0.011640158,636
0.100249068,0.004404637,0.001836126,0.89351017,637
0.030887922,0.006474459,0.960895043,0.001742577,638
0.306337993,0.690343303,0.00171119,0.001607514,639
0.00706158,0.003550785,0.984534287,0.004853348,640
0.022814881,0.005419008,0.970113407,0.001652704,641
0.016494186,0.0239989,0.958632754,0.00087416,642
0.063519478,0.933411995,0.00204183,0.001026697,643
0.978757147,0.011574261,0.004532546,0.005136047,644
0.218015843,0.760950064,0.013092868,0.007941226,645
0.694540212,0.039183275,0.145583529,0.120692984,646
0.066753792,0.007972604,0.003765991,0.921507613,647
0.941384745,0.007651119,0.004095349,0.046868787,648
0.027058647,0.016411903,0.95385028,0.00267917,649
0.070748939,0.02602708,0.671247167,0.231976814,650
0.022523486,0.065173869,0.166427284,0.745875361,651
0.046878868,0.001707563,0.009826345,0.941587225,652
0.987626682,0.006654575,0.004036204,0.00168254,653
0.952560157,0.044551836,0.000526846,0.00236116,654
0.072709422,0.036560593,0.885782048,0.004947937,655
0.57997673,0.398611789,0.012037032,0.00937445,656
0.016778674,0.116467084,0.860581713,0.006172529,657
0.715745407,0.015812876,0.005133689,0.263308028,658
0.020200179,0.004234187,0.002266397,0.973299236,659
0.769327467,0.018092848,0.207061679,0.005518007,660
0.466892135,0.029847416,0.49700409,0.00625636,661
0.62530044,0.008919433,0.009494687,0.356285441,662
0.099353475,0.885527918,0.010471782,0.004646825,663
0.419111748,0.306628705,0.099547778,0.17471177,664
0.012750041,0.951495156,0.026991837,0.008762966,665
0.134942525,0.222482584,0.252105796,0.390469095,666
0.349932009,0.272527322,0.165296177,0.212244492,667
0.725732719,0.011730379,0.011730379,0.250806524,668
0.513495873,0.201087885,0.258201956,0.027214286,669
0.300951046,0.386428769,0.300951046,0.011669138,670
0.033670697,0.264840545,0.436648214,0.264840545,671
0.015005945,0.872137037,0.015005945,0.097851074,672
0.037386052,0.061639179,0.799348943,0.101625826,673
0.035086131,0.963243133,0.001200581,0.000470154,674
0.736068852,0.164239166,0.026811304,0.072880679,675
0.334632231,0.020096228,0.020096228,0.625175314,676
0.725556603,0.126082825,0.134214468,0.014146104,677
0.198589072,0.651148479,0.145290869,0.00497158,678
0.010928035,0.983710462,0.00427948,0.001082022,679
0.810079724,0.12422974,0.007008562,0.058681974,680
0.882229017,0.016158587,0.087352494,0.014259903,681
0.029148196,0.05796811,0.9067739,0.006109794,682
0.101005379,0.746334346,0.005698334,0.146961942,683
0.046436933,0.006689874,0.932710728,0.014162464,684
0.094003769,0.007716299,0.006397037,0.891882895,685
0.082253502,0.884308545,0.017241275,0.016196679,686
0.606023754,0.268921411,0.032118082,0.092936753,687
0.089283551,0.006884808,0.901731893,0.002099748,688
0.997251578,0.001323134,0.000968025,0.000457263,689
0.020922982,0.025237934,0.006792698,0.947046386,690
0.06332168,0.1043998,0.467887414,0.364391106,691
0.118410769,0.82193365,0.05254446,0.007111121,692
0.039568798,0.958664295,0.000412937,0.00135397,693
0.411216789,0.151278211,0.411216789,0.026288211,694
0.997349801,0.001925338,0.000429601,0.00029526,695
0.061192816,0.899221885,0.034866615,0.004718683,696
0.95881339,0.004440187,0.028953653,0.00779277,697
0.697717832,0.290852047,0.004148782,0.007281339,698
0.983639367,0.009643263,0.004279172,0.002438199,699
0.39316226,0.418519047,0.03435414,0.153964553,700
0.995436703,0.003168256,0.000428777,0.000966264,701
0.066552241,0.810772328,0.051830938,0.070844492,702
0.049744794,0.006324339,0.471965434,0.471965434,703
0.047708271,0.010000199,0.042102402,0.900189128,704
0.884096583,0.032203216,0.072571067,0.011129134,705
0.10479737,0.8774576,0.00669947,0.011045559,706
0.996388041,0.002469798,0.000517698,0.000624463,707
0.986573524,0.002445471,0.008535534,0.002445471,708
0.043083758,0.02613162,0.921171339,0.009613283,709
0.052447093,0.01599546,0.929647062,0.001910385,710
0.857076177,0.062086394,0.066090622,0.014746808,711
0.048907193,0.132943535,0.003771318,0.814377954,712
0.034758651,0.007755703,0.954252588,0.003233058,713
0.070987451,0.920579295,0.007482022,0.000951232,714
0.029306356,0.755820813,0.148829938,0.066042893,715
0.382181651,0.262669351,0.017874874,0.337274124,716
0.162285788,0.49987545,0.322743828,0.015094933,717
0.994099516,0.002792221,0.000485215,0.002623048,718
0.662516929,0.202056253,0.069828764,0.065598053,719
0.451600417,0.511730314,0.001845587,0.034823681,720
0.070736829,0.102921479,0.809540223,0.01680147,721
0.909697487,0.016661692,0.00349248,0.070148342,722
0.590435477,0.027615035,0.045529495,0.336419994,723
0.719097324,0.091422963,0.085883925,0.103595789,724
0.027180884,0.007787454,0.006872404,0.958159258,725
0.071305425,0.002764811,0.001226878,0.924702886,726
0.238439744,0.015242945,0.011871217,0.734446094,727
0.545200423,0.022503108,0.310645819,0.12165065,728
0.99650279,0.001923703,0.000908693,0.000664814,729
0.04271287,0.857910879,0.008953104,0.090423147,730
0.81333029,0.015857419,0.150450967,0.020361324,731
0.004787983,0.017789513,0.006147891,0.971274613,732
0.021447816,0.031206388,0.911984327,0.03536147,733
0.009766706,0.184284216,0.030083571,0.775865507,734
0.80612067,0.158734572,0.024342735,0.010802023,735
0.004067569,0.9953012,0.000428719,0.000202512,736
0.166906716,0.582561647,0.189130087,0.06140155,737
0.031214638,0.005095651,0.912225473,0.051464238,738
0.997943495,0.001500348,0.000260721,0.000295436,739
0.506729253,0.088056346,0.370731041,0.03448336,740
0.127821676,0.254203788,0.609803168,0.008171368,741
0.004067484,0.995280215,0.000550474,0.000101827,742
0.861825481,0.001663714,0.045675074,0.090835731,743
0.956214907,0.021125537,0.010622587,0.012036968,744
0.091883774,0.071559155,0.067223605,0.769333466,745
0.019081535,0.978696023,0.001145935,0.001076507,746
0.01061955,0.257288172,0.032710516,0.699381762,747
0.928477419,0.06318368,0.004299703,0.004039198,748
0.880937205,0.111998586,0.002984661,0.004079548,749
0.016845479,0.003317072,0.000787874,0.979049576,750
0.024569914,0.160215985,0.097175895,0.718038206,751
0.212334857,0.039277994,0.741121449,0.0072657,752
0.59959108,0.010981892,0.00230193,0.387125098,753
0.007547575,0.988537186,0.002955673,0.000959566,754
0.996553461,0.002799114,0.000190482,0.000456943,755
0.910977176,0.027509127,0.018906728,0.042606969,756
0.333964392,0.178758258,0.402837928,0.084439422,757
0.196611933,0.534446645,0.072329488,0.196611933,758
0.698521446,0.291187069,0.003443422,0.006848063,759
0.02906793,0.962597623,0.006092969,0.002241478,760
0.993061093,0.005547193,0.001162755,0.00022896,761
0.428447949,0.079254892,0.4024896,0.089807558,762
0.896268057,0.044622559,0.044622559,0.014486824,763
0.227917658,0.129863582,0.453268386,0.188950375,764
0.597770996,0.133380738,0.151140177,0.117708088,765
0.239904437,0.082908755,0.612617405,0.064569403,766
0.054171295,0.902032965,0.022581956,0.021213784,767
0.688949278,0.30571937,0.001935117,0.003396235,768
0.988142113,0.00429876,0.001683419,0.005875708,769
0.835011807,0.09972794,0.041572791,0.023687462,770
0.242811094,0.02899965,0.025592101,0.702597155,771
0.985768537,0.010287418,0.001787685,0.00215636,772
0.481142838,0.004716958,0.512173884,0.00196632,773
0.159800028,0.232507668,0.59372913,0.013963174,774
0.135305086,0.828844136,0.009207627,0.026643151,775
0.069558879,0.015520684,0.012867099,0.902053338,776
0.986357588,0.010957443,0.002026923,0.000658046,777
0.833972641,0.044198926,0.099603818,0.022224616,778
0.005771122,0.970553313,0.008938489,0.014737076,779
